Fall_ns: 0.24875
Raise_ns: 0.02284
PW_ns: 2.05153
