Fall_ns: 0.24037
Raise_ns: 0.02420
PW_ns: 1.02528
