Fall_ns: 0.15556
Raise_ns: 0.02033
PW_ns: 0.88441
