Fall_ns: 0.13555
Raise_ns: 0.01830
PW_ns: 1.85557
