Fall_ns: 0.13057
Raise_ns: 0.02186
PW_ns: 0.47287
