Fall_ns: 0.10769
Raise_ns: 0.01975
PW_ns: 0.41717
